id,type,parent_id,schema,name,parent_name,datatype,constraints,text_sequence,instance_sequence,label_linkability,OC_ORACLE,OC_MYSQL,OC_SAP,OC_ORACLE_agree,OC_MYSQL_agree,OC_SAP_agree,overall_agreement,predict_linkability,v
entity_44,table,entity_43,OC-ORACLE,CUSTOMERS,,,,"CUSTOMERS [CUSTOMER_ID, EMAIL_ADDRESS, FULL_NAME]",nan,TRUE,5.3308526730688754e-06,0.000364598,0.000425019,1,0,0,1,FALSE,99
entity_45,attribute,entity_44,OC-ORACLE,CUSTOMER_ID,CUSTOMERS,NUMBER,PRIMARY KEY,CUSTOMER_ID CUSTOMERS NUMBER PRIMARY KEY,nan,TRUE,1.2407906069711316e-05,0.000156966,0.000143737,1,0,0,1,FALSE,99
entity_46,attribute,entity_44,OC-ORACLE,EMAIL_ADDRESS,CUSTOMERS,VARCHAR2,,EMAIL_ADDRESS CUSTOMERS VARCHAR2,nan,TRUE,1.512274707238248e-06,0.000213441,0.000454223,1,0,0,1,FALSE,99
entity_47,attribute,entity_44,OC-ORACLE,FULL_NAME,CUSTOMERS,VARCHAR2,,FULL_NAME CUSTOMERS VARCHAR2,nan,TRUE,1.1024968671335955e-06,0.000258195,0.000382971,1,0,0,1,FALSE,99
entity_48,table,entity_43,OC-ORACLE,INVENTORY,,,,"INVENTORY [INVENTORY_ID, STORE_ID, PRODUCT_ID, PRODUCT_INVENTORY]",nan,TRUE,1.282595349039184e-05,0.00051411,0.000581383,1,0,0,1,FALSE,99
entity_49,attribute,entity_48,OC-ORACLE,INVENTORY_ID,INVENTORY,NUMBER,PRIMARY KEY,INVENTORY_ID INVENTORY NUMBER PRIMARY KEY,nan,FALSE,8.660358616907615e-06,0.000370125,0.000434799,1,0,0,1,FALSE,99
entity_50,attribute,entity_48,OC-ORACLE,STORE_ID,INVENTORY,NUMBER,FOREIGN KEY,STORE_ID INVENTORY NUMBER FOREIGN KEY,nan,FALSE,1.0064320122182835e-05,0.000527644,0.000520681,1,0,0,1,FALSE,99
entity_51,attribute,entity_48,OC-ORACLE,PRODUCT_ID,INVENTORY,NUMBER,FOREIGN KEY,PRODUCT_ID INVENTORY NUMBER FOREIGN KEY,nan,TRUE,1.0972809832310304e-05,0.000294585,0.000287427,1,0,0,1,FALSE,99
entity_52,attribute,entity_48,OC-ORACLE,PRODUCT_INVENTORY,INVENTORY,NUMBER,,PRODUCT_INVENTORY INVENTORY NUMBER,nan,TRUE,4.311745215090923e-06,0.000361947,0.000394448,1,0,0,1,FALSE,99
entity_53,table,entity_43,OC-ORACLE,ORDER_ITEMS,,,,"ORDER_ITEMS [ORDER_ID, LINE_ITEM_ID, PRODUCT_ID, UNIT_PRICE, QUANTITY, SHIPMENT_ID]",nan,TRUE,6.469947493314976e-06,0.000361276,0.000330117,1,0,0,1,FALSE,99
entity_54,attribute,entity_53,OC-ORACLE,ORDER_ID,ORDER_ITEMS,NUMBER,PRIMARY KEY,ORDER_ID ORDER_ITEMS NUMBER PRIMARY KEY,nan,TRUE,1.9767046978813596e-05,0.000261996,0.000273212,1,0,0,1,FALSE,99
entity_55,attribute,entity_53,OC-ORACLE,LINE_ITEM_ID,ORDER_ITEMS,NUMBER,PRIMARY KEY,LINE_ITEM_ID ORDER_ITEMS NUMBER PRIMARY KEY,nan,TRUE,6.500034942291677e-06,0.000339515,0.000286027,1,0,0,1,FALSE,99
entity_56,attribute,entity_53,OC-ORACLE,PRODUCT_ID,ORDER_ITEMS,NUMBER,FOREIGN KEY,PRODUCT_ID ORDER_ITEMS NUMBER FOREIGN KEY,nan,TRUE,1.2522162251116242e-05,0.000261516,0.000194074,1,0,0,1,FALSE,99
entity_57,attribute,entity_53,OC-ORACLE,UNIT_PRICE,ORDER_ITEMS,FLOAT,,UNIT_PRICE ORDER_ITEMS FLOAT,nan,TRUE,2.11614587897202e-05,0.000398944,0.000388971,1,0,0,1,FALSE,99
entity_58,attribute,entity_53,OC-ORACLE,QUANTITY,ORDER_ITEMS,NUMBER,,QUANTITY ORDER_ITEMS NUMBER,nan,TRUE,4.054815235576825e-06,0.000289809,0.000299027,1,0,0,1,FALSE,99
entity_59,attribute,entity_53,OC-ORACLE,SHIPMENT_ID,ORDER_ITEMS,FLOAT,FOREIGN KEY,SHIPMENT_ID ORDER_ITEMS FLOAT FOREIGN KEY,nan,FALSE,1.1742286915250588e-05,0.0004227,0.00033938,1,0,0,1,FALSE,99
entity_60,table,entity_43,OC-ORACLE,ORDERS,,,,"ORDERS [ORDER_ID, ORDER_DATETIME, CUSTOMER_ID, ORDER_STATUS, STORE_ID]",nan,TRUE,2.778903080979944e-06,0.000269528,0.000383371,1,0,0,1,FALSE,99
entity_61,attribute,entity_60,OC-ORACLE,ORDER_ID,ORDERS,NUMBER,PRIMARY KEY,ORDER_ID ORDERS NUMBER PRIMARY KEY,nan,TRUE,7.896888746472541e-06,0.000125892,0.000169317,1,0,0,1,FALSE,99
entity_62,attribute,entity_60,OC-ORACLE,ORDER_DATETIME,ORDERS,DATE,,ORDER_DATETIME ORDERS DATE,nan,TRUE,1.5013525000995287e-07,0.000307456,0.000857968,1,0,0,1,FALSE,99
entity_63,attribute,entity_60,OC-ORACLE,CUSTOMER_ID,ORDERS,NUMBER,FOREIGN KEY,CUSTOMER_ID ORDERS NUMBER FOREIGN KEY,nan,TRUE,1.0853222192963585e-05,0.000111206,7.28222366888076e-05,1,0,0,1,FALSE,99
entity_64,attribute,entity_60,OC-ORACLE,ORDER_STATUS,ORDERS,VARCHAR2,,ORDER_STATUS ORDERS VARCHAR2,nan,TRUE,1.4673084478999954e-05,0.000126629,0.000480287,1,0,0,1,FALSE,99
entity_65,attribute,entity_60,OC-ORACLE,STORE_ID,ORDERS,NUMBER,FOREIGN KEY,STORE_ID ORDERS NUMBER FOREIGN KEY,nan,FALSE,1.306626381847309e-05,0.000379354,0.000386811,1,0,0,1,FALSE,99
entity_66,table,entity_43,OC-ORACLE,PRODUCTS,,,,"PRODUCTS [PRODUCT_ID, PRODUCT_NAME, UNIT_PRICE, PRODUCT_DETAILS, PRODUCT_IMAGE, IMAGE_MIME_TYPE, IMAGE_FILENAME, IMAGE_CHARSET, IMAGE_LAST_UPDATED]",nan,TRUE,3.265227860538289e-06,0.000345711,0.000478622,1,0,0,1,FALSE,99
entity_67,attribute,entity_66,OC-ORACLE,PRODUCT_ID,PRODUCTS,NUMBER,PRIMARY KEY,PRODUCT_ID PRODUCTS NUMBER PRIMARY KEY,nan,TRUE,1.5264105968526565e-05,0.00019056,0.000115761,1,0,0,1,FALSE,99
entity_68,attribute,entity_66,OC-ORACLE,PRODUCT_NAME,PRODUCTS,VARCHAR2,,PRODUCT_NAME PRODUCTS VARCHAR2,nan,TRUE,9.505157322564628e-06,7.2318063757848e-05,0.000107309,1,0,0,1,FALSE,99
entity_69,attribute,entity_66,OC-ORACLE,UNIT_PRICE,PRODUCTS,FLOAT,,UNIT_PRICE PRODUCTS FLOAT,nan,TRUE,1.527052700112108e-05,0.000432121,0.00040677,1,0,0,1,FALSE,99
entity_70,attribute,entity_66,OC-ORACLE,PRODUCT_DETAILS,PRODUCTS,BLOB,,PRODUCT_DETAILS PRODUCTS BLOB,nan,TRUE,3.077698238485027e-07,0.00055526,0.000806407,1,0,0,1,FALSE,99
entity_71,attribute,entity_66,OC-ORACLE,PRODUCT_IMAGE,PRODUCTS,BLOB,,PRODUCT_IMAGE PRODUCTS BLOB,nan,TRUE,4.811614417121746e-06,0.000403038,0.00100258,1,0,0,1,FALSE,99
entity_72,attribute,entity_66,OC-ORACLE,IMAGE_MIME_TYPE,PRODUCTS,BLOB,,IMAGE_MIME_TYPE PRODUCTS BLOB,nan,FALSE,1.3018024219491053e-05,0.000603444,0.001224183,1,0,0,1,FALSE,99
entity_73,attribute,entity_66,OC-ORACLE,IMAGE_FILENAME,PRODUCTS,BLOB,,IMAGE_FILENAME PRODUCTS BLOB,nan,FALSE,1.5880612409091555e-05,0.000475462,0.000946523,1,0,0,1,FALSE,99
entity_74,attribute,entity_66,OC-ORACLE,IMAGE_CHARSET,PRODUCTS,BLOB,,IMAGE_CHARSET PRODUCTS BLOB,nan,FALSE,6.342210781440372e-06,0.000618493,0.001222462,1,0,0,1,FALSE,99
entity_75,attribute,entity_66,OC-ORACLE,IMAGE_LAST_UPDATED,PRODUCTS,DATE,,IMAGE_LAST_UPDATED PRODUCTS DATE,nan,FALSE,2.0305224097683094e-06,0.000635969,0.001190674,1,0,0,1,FALSE,99
entity_76,table,entity_43,OC-ORACLE,SHIPMENTS,,,,"SHIPMENTS [SHIPMENT_ID, STORE_ID, CUSTOMER_ID, DELIVERY_ADDRESS, SHIPMENT_STATUS]",nan,TRUE,2.0188710550428368e-05,0.000506676,0.000427094,1,0,0,1,FALSE,99
entity_77,attribute,entity_76,OC-ORACLE,SHIPMENT_ID,SHIPMENTS,NUMBER,PRIMARY KEY,SHIPMENT_ID SHIPMENTS NUMBER PRIMARY KEY,nan,FALSE,1.085730309569044e-05,0.000429379,0.000342045,1,0,0,1,FALSE,99
entity_78,attribute,entity_76,OC-ORACLE,STORE_ID,SHIPMENTS,NUMBER,FOREIGN KEY,STORE_ID SHIPMENTS NUMBER FOREIGN KEY,nan,FALSE,1.5299194274120964e-05,0.000497514,0.000383891,1,0,0,1,FALSE,99
entity_79,attribute,entity_76,OC-ORACLE,CUSTOMER_ID,SHIPMENTS,NUMBER,FOREIGN KEY,CUSTOMER_ID SHIPMENTS NUMBER FOREIGN KEY,nan,TRUE,1.3077788935333956e-05,0.000264776,0.000159786,1,0,0,1,FALSE,99
entity_80,attribute,entity_76,OC-ORACLE,DELIVERY_ADDRESS,SHIPMENTS,VARCHAR2,,DELIVERY_ADDRESS SHIPMENTS VARCHAR2,nan,TRUE,2.3336879166890867e-06,0.000335467,0.00040906,1,0,0,1,FALSE,99
entity_81,attribute,entity_76,OC-ORACLE,SHIPMENT_STATUS,SHIPMENTS,VARCHAR2,,SHIPMENT_STATUS SHIPMENTS VARCHAR2,nan,FALSE,1.8889875718741678e-05,0.000380555,0.000570687,1,0,0,1,FALSE,99
entity_82,table,entity_43,OC-ORACLE,STORES,,,,"STORES [STORE_ID, STORE_NAME, WEB_ADDRESS, PHYSICAL_ADDRESS, LATITUDE, LONGITUDE, LOGO, LOGO_MIME_TYPE, LOGO_FILENAME, LOGO_CHARSET, LOGO_LAST_UPDATED]",nan,FALSE,2.3208492621051846e-06,0.000652004,0.000749725,1,0,0,1,FALSE,99
entity_83,attribute,entity_82,OC-ORACLE,STORE_ID,STORES,NUMBER,PRIMARY KEY,STORE_ID STORES NUMBER PRIMARY KEY,nan,FALSE,1.898811933642719e-05,0.000612639,0.000590552,1,0,0,1,FALSE,99
entity_84,attribute,entity_82,OC-ORACLE,STORE_NAME,STORES,VARCHAR2,,STORE_NAME STORES VARCHAR2,nan,FALSE,1.9647828594315797e-05,0.00058341,0.000622963,1,0,0,1,FALSE,99
entity_85,attribute,entity_82,OC-ORACLE,WEB_ADDRESS,STORES,VARCHAR2,,WEB_ADDRESS STORES VARCHAR2,nan,FALSE,4.794148367182061e-07,0.000538435,0.00076046,1,0,0,1,FALSE,99
entity_86,attribute,entity_82,OC-ORACLE,PHYSICAL_ADDRESS,STORES,VARCHAR2,,PHYSICAL_ADDRESS STORES VARCHAR2,nan,FALSE,4.2768169805640355e-07,0.0005982,0.000675541,1,0,0,1,FALSE,99
entity_87,attribute,entity_82,OC-ORACLE,LATITUDE,STORES,FLOAT,,LATITUDE STORES FLOAT,nan,FALSE,6.764543627468811e-07,0.000790456,0.000914948,1,0,0,1,FALSE,99
entity_88,attribute,entity_82,OC-ORACLE,LONGITUDE,STORES,FLOAT,,LONGITUDE STORES FLOAT,nan,FALSE,9.033357741827786e-07,0.000848157,0.000925164,1,0,0,1,FALSE,99
entity_89,attribute,entity_82,OC-ORACLE,LOGO,STORES,BLOB,,LOGO STORES BLOB,nan,FALSE,5.54590542378719e-07,0.000777569,0.001470798,1,0,0,1,FALSE,99
entity_90,attribute,entity_82,OC-ORACLE,LOGO_MIME_TYPE,STORES,VARCHAR2,,LOGO_MIME_TYPE STORES VARCHAR2,nan,FALSE,1.1051214642066043e-05,0.000853317,0.001100142,1,0,0,1,FALSE,99
entity_91,attribute,entity_82,OC-ORACLE,LOGO_FILENAME,STORES,VARCHAR2,,LOGO_FILENAME STORES VARCHAR2,nan,FALSE,1.0998065590683836e-05,0.000795314,0.000903411,1,0,0,1,FALSE,99
entity_92,attribute,entity_82,OC-ORACLE,LOGO_CHARSET,STORES,VARCHAR2,,LOGO_CHARSET STORES VARCHAR2,nan,FALSE,1.3261978892842308e-05,0.000890949,0.001023935,1,0,0,1,FALSE,99
entity_93,attribute,entity_82,OC-ORACLE,LOGO_LAST_UPDATED,STORES,DATE,,LOGO_LAST_UPDATED STORES DATE,nan,FALSE,2.9346917926886817e-06,0.000758794,0.001225665,1,0,0,1,FALSE,99
entity_95,table,entity_94,OC-MYSQL,CUSTOMERS,,,,"CUSTOMERS [CUSTOMERNUMBER, CUSTOMERNAME, CONTACTLASTNAME, CONTACTFIRSTNAME, PHONE, ADDRESSLINE1, ADDRESSLINE2, CITY, STATE, POSTALCODE, COUNTRY, SALESREPEMPLOYEENUMBER, CREDITLIMIT]",nan,TRUE,0.000408919,2.093032526317984e-05,0.000301623,0,1,0,1,FALSE,99
entity_96,attribute,entity_95,OC-MYSQL,CUSTOMERNUMBER,CUSTOMERS,NUMBER,PRIMARY KEY,CUSTOMERNUMBER CUSTOMERS NUMBER PRIMARY KEY,nan,TRUE,0.000119852,1.840606091718655e-05,0.000111267,0,1,0,1,FALSE,99
entity_97,attribute,entity_95,OC-MYSQL,CUSTOMERNAME,CUSTOMERS,VARCHAR2,,CUSTOMERNAME CUSTOMERS VARCHAR2,nan,TRUE,0.000148947,1.2615701962204184e-05,0.000142439,0,1,0,1,FALSE,99
entity_98,attribute,entity_95,OC-MYSQL,CONTACTLASTNAME,CUSTOMERS,VARCHAR2,,CONTACTLASTNAME CUSTOMERS VARCHAR2,nan,TRUE,0.000380356,5.16176305609406e-06,0.000516081,0,1,0,1,FALSE,99
entity_99,attribute,entity_95,OC-MYSQL,CONTACTFIRSTNAME,CUSTOMERS,VARCHAR2,,CONTACTFIRSTNAME CUSTOMERS VARCHAR2,nan,TRUE,0.000365571,9.862323167908471e-06,0.00043866,0,1,0,1,FALSE,99
entity_100,attribute,entity_95,OC-MYSQL,PHONE,CUSTOMERS,VARCHAR2,,PHONE CUSTOMERS VARCHAR2,nan,TRUE,0.000484582,1.4109026778896805e-05,0.000432939,0,1,0,1,FALSE,99
entity_101,attribute,entity_95,OC-MYSQL,ADDRESSLINE1,CUSTOMERS,VARCHAR2,,ADDRESSLINE1 CUSTOMERS VARCHAR2,nan,TRUE,0.000380199,1.058255020325305e-05,0.000426274,0,1,0,1,FALSE,99
entity_102,attribute,entity_95,OC-MYSQL,ADDRESSLINE2,CUSTOMERS,VARCHAR2,,ADDRESSLINE2 CUSTOMERS VARCHAR2,nan,TRUE,0.00033381,9.037972631631419e-06,0.000376202,0,1,0,1,FALSE,99
entity_103,attribute,entity_95,OC-MYSQL,CITY,CUSTOMERS,VARCHAR2,,CITY CUSTOMERS VARCHAR2,nan,TRUE,0.000464531,8.669635462865699e-06,0.000140552,0,1,0,1,FALSE,99
entity_104,attribute,entity_95,OC-MYSQL,STATE,CUSTOMERS,VARCHAR2,,STATE CUSTOMERS VARCHAR2,nan,TRUE,0.000311123,1.0362763532612007e-05,0.000310071,0,1,0,1,FALSE,99
entity_105,attribute,entity_95,OC-MYSQL,POSTALCODE,CUSTOMERS,VARCHAR2,,POSTALCODE CUSTOMERS VARCHAR2,nan,TRUE,0.000354073,7.904744052211754e-06,0.000395716,0,1,0,1,FALSE,99
entity_106,attribute,entity_95,OC-MYSQL,COUNTRY,CUSTOMERS,VARCHAR2,,COUNTRY CUSTOMERS VARCHAR2,nan,TRUE,0.000452393,1.061711100192042e-05,0.000115137,0,1,0,1,FALSE,99
entity_107,attribute,entity_95,OC-MYSQL,SALESREPEMPLOYEENUMBER,CUSTOMERS,NUMBER,,SALESREPEMPLOYEENUMBER CUSTOMERS NUMBER,nan,FALSE,0.000589043,6.691352609777823e-07,0.000513763,0,1,0,1,FALSE,99
entity_108,attribute,entity_95,OC-MYSQL,CREDITLIMIT,CUSTOMERS,FLOAT,,CREDITLIMIT CUSTOMERS FLOAT,nan,FALSE,0.000810852,2.443398159357457e-07,0.000601373,0,1,0,1,FALSE,99
entity_109,table,entity_94,OC-MYSQL,EMPLOYEES,,,,"EMPLOYEES [EMPLOYEENUMBER, LASTNAME, FIRSTNAME, EXTENSION, EMAIL, OFFICECODE, REPORTSTO, JOBTITLE]",nan,FALSE,0.000675165,1.9964574676123448e-05,0.000395197,0,1,0,1,FALSE,99
entity_110,attribute,entity_109,OC-MYSQL,EMPLOYEENUMBER,EMPLOYEES,NUMBER,PRIMARY KEY,EMPLOYEENUMBER EMPLOYEES NUMBER PRIMARY KEY,nan,FALSE,0.000570659,1.3200983630667906e-05,0.000187757,0,1,0,1,FALSE,99
entity_111,attribute,entity_109,OC-MYSQL,LASTNAME,EMPLOYEES,VARCHAR2,,LASTNAME EMPLOYEES VARCHAR2,nan,FALSE,0.000572668,8.95528955879854e-06,0.000332511,0,1,0,1,FALSE,99
entity_112,attribute,entity_109,OC-MYSQL,FIRSTNAME,EMPLOYEES,VARCHAR2,,FIRSTNAME EMPLOYEES VARCHAR2,nan,FALSE,0.000601215,1.65020719578024e-05,0.000356187,0,1,0,1,FALSE,99
entity_113,attribute,entity_109,OC-MYSQL,EXTENSION,EMPLOYEES,VARCHAR2,,EXTENSION EMPLOYEES VARCHAR2,nan,FALSE,0.000733033,1.010349933494581e-06,0.000424814,0,1,0,1,FALSE,99
entity_114,attribute,entity_109,OC-MYSQL,EMAIL,EMPLOYEES,VARCHAR2,,EMAIL EMPLOYEES VARCHAR2,nan,FALSE,0.000582468,3.458384583154839e-07,0.000570902,0,1,0,1,FALSE,99
entity_115,attribute,entity_109,OC-MYSQL,OFFICECODE,EMPLOYEES,NUMBER,FOREIGN KEY,OFFICECODE EMPLOYEES NUMBER FOREIGN KEY,nan,FALSE,0.000729388,7.616317361680558e-06,0.00038372,0,1,0,1,FALSE,99
entity_116,attribute,entity_109,OC-MYSQL,REPORTSTO,EMPLOYEES,NUMBER,,REPORTSTO EMPLOYEES NUMBER,nan,FALSE,0.000989362,2.0202512587275123e-06,0.000790402,0,1,0,1,FALSE,99
entity_117,attribute,entity_109,OC-MYSQL,JOBTITLE,EMPLOYEES,VARCHAR2,,JOBTITLE EMPLOYEES VARCHAR2,nan,FALSE,0.000788298,1.6235935618169606e-06,0.000365931,0,1,0,1,FALSE,99
entity_118,table,entity_94,OC-MYSQL,OFFICES,,,,"OFFICES [OFFICECODE, CITY, PHONE, ADDRESSLINE1, ADDRESSLINE2, STATE, COUNTRY, POSTALCODE, TERRITORY]",nan,FALSE,0.000564897,1.3656050441568368e-06,0.00057264,0,1,0,1,FALSE,99
entity_119,attribute,entity_118,OC-MYSQL,OFFICECODE,OFFICES,NUMBER,PRIMARY KEY,OFFICECODE OFFICES NUMBER PRIMARY KEY,nan,FALSE,0.000585781,1.4603835552406963e-05,0.000599205,0,1,0,1,FALSE,99
entity_120,attribute,entity_118,OC-MYSQL,CITY,OFFICES,VARCHAR2,,CITY OFFICES VARCHAR2,nan,FALSE,0.000632391,1.1252132935624104e-05,0.000383912,0,1,0,1,FALSE,99
entity_121,attribute,entity_118,OC-MYSQL,PHONE,OFFICES,VARCHAR2,,PHONE OFFICES VARCHAR2,nan,FALSE,0.000613776,1.7808726624934934e-05,0.000648912,0,1,0,1,FALSE,99
entity_122,attribute,entity_118,OC-MYSQL,ADDRESSLINE1,OFFICES,VARCHAR2,,ADDRESSLINE1 OFFICES VARCHAR2,nan,FALSE,0.000555486,1.0788724466692656e-05,0.000628986,0,1,0,1,FALSE,99
entity_123,attribute,entity_118,OC-MYSQL,ADDRESSLINE2,OFFICES,VARCHAR2,,ADDRESSLINE2 OFFICES VARCHAR2,nan,FALSE,0.00047755,9.563430467096623e-06,0.00058407,0,1,0,1,FALSE,99
entity_124,attribute,entity_118,OC-MYSQL,STATE,OFFICES,VARCHAR2,,STATE OFFICES VARCHAR2,nan,FALSE,0.000675576,8.184128091670573e-06,0.000591817,0,1,0,1,FALSE,99
entity_125,attribute,entity_118,OC-MYSQL,COUNTRY,OFFICES,VARCHAR2,,COUNTRY OFFICES VARCHAR2,nan,FALSE,0.00061352,1.1911434739886317e-05,0.000351537,0,1,0,1,FALSE,99
entity_126,attribute,entity_118,OC-MYSQL,POSTALCODE,OFFICES,VARCHAR2,,POSTALCODE OFFICES VARCHAR2,nan,FALSE,0.000485922,9.11673760128906e-06,0.000593738,0,1,0,1,FALSE,99
entity_127,attribute,entity_118,OC-MYSQL,TERRITORY,OFFICES,VARCHAR2,,TERRITORY OFFICES VARCHAR2,nan,FALSE,0.000623562,8.400942874686734e-07,0.000388706,0,1,0,1,FALSE,99
entity_128,table,entity_94,OC-MYSQL,ORDERDETAILS,,,,"ORDERDETAILS [ORDERNUMBER, PRODUCTCODE, QUANTITYORDERED, PRICEEACH, ORDERLINENUMBER]",nan,TRUE,0.000465587,1.0310676771041472e-05,0.000375089,0,1,0,1,FALSE,99
entity_129,attribute,entity_128,OC-MYSQL,ORDERNUMBER,ORDERDETAILS,NUMBER,PRIMARY KEY,ORDERNUMBER ORDERDETAILS NUMBER PRIMARY KEY,nan,TRUE,0.000182768,1.6796650015749037e-05,0.000228777,0,1,0,1,FALSE,99
entity_130,attribute,entity_128,OC-MYSQL,PRODUCTCODE,ORDERDETAILS,VARCHAR2,PRIMARY KEY,PRODUCTCODE ORDERDETAILS VARCHAR2 PRIMARY KEY,nan,TRUE,0.000264122,1.3656152987095993e-05,0.000234484,0,1,0,1,FALSE,99
entity_131,attribute,entity_128,OC-MYSQL,QUANTITYORDERED,ORDERDETAILS,NUMBER,,QUANTITYORDERED ORDERDETAILS NUMBER,nan,TRUE,0.000306911,6.37840139461332e-06,0.000278209,0,1,0,1,FALSE,99
entity_132,attribute,entity_128,OC-MYSQL,PRICEEACH,ORDERDETAILS,FLOAT,,PRICEEACH ORDERDETAILS FLOAT,nan,TRUE,0.000501222,3.017827623352787e-07,0.000438768,0,1,0,1,FALSE,99
entity_133,attribute,entity_128,OC-MYSQL,ORDERLINENUMBER,ORDERDETAILS,NUMBER,,ORDERLINENUMBER ORDERDETAILS NUMBER,nan,TRUE,0.000417967,5.496681751537835e-06,0.000385793,0,1,0,1,FALSE,99
entity_134,table,entity_94,OC-MYSQL,ORDERS,,,,"ORDERS [ORDERNUMBER, ORDERDATE, REQUIREDDATE, SHIPPEDDATE, STATUS, COMMENTS, CUSTOMERNUMBER]",nan,TRUE,0.000326695,4.7009439185785595e-06,0.000401534,0,1,0,1,FALSE,99
entity_135,attribute,entity_134,OC-MYSQL,ORDERNUMBER,ORDERS,NUMBER,PRIMARY KEY,ORDERNUMBER ORDERS NUMBER PRIMARY KEY,nan,TRUE,0.000117719,1.2772859918186441e-05,0.000203456,0,1,0,1,FALSE,99
entity_136,attribute,entity_134,OC-MYSQL,ORDERDATE,ORDERS,DATE,,ORDERDATE ORDERS DATE,nan,TRUE,0.000325067,1.581027936481405e-05,0.001016169,0,1,0,1,FALSE,99
entity_137,attribute,entity_134,OC-MYSQL,REQUIREDDATE,ORDERS,DATE,,REQUIREDDATE ORDERS DATE,nan,FALSE,0.000662117,3.3565152079972904e-07,0.000944138,0,1,0,1,FALSE,99
entity_138,attribute,entity_134,OC-MYSQL,SHIPPEDDATE,ORDERS,DATE,,SHIPPEDDATE ORDERS DATE,nan,FALSE,0.000529489,1.7116223034463474e-06,0.001011912,0,1,0,1,FALSE,99
entity_139,attribute,entity_134,OC-MYSQL,STATUS,ORDERS,VARCHAR2,,STATUS ORDERS VARCHAR2,nan,TRUE,0.000184218,1.7314955584879499e-06,0.00069025,0,1,0,1,FALSE,99
entity_140,attribute,entity_134,OC-MYSQL,COMMENTS,ORDERS,VARCHAR2,,COMMENTS ORDERS VARCHAR2,nan,FALSE,0.000705319,9.55600285124092e-07,0.000839278,0,1,0,1,FALSE,99
entity_141,attribute,entity_134,OC-MYSQL,CUSTOMERNUMBER,ORDERS,NUMBER,FOREIGN KEY,CUSTOMERNUMBER ORDERS NUMBER FOREIGN KEY,nan,TRUE,0.000114273,1.303775206906721e-05,9.950473759090528e-05,0,1,0,1,FALSE,99
entity_142,table,entity_94,OC-MYSQL,PAYMENTS,,,,"PAYMENTS [CUSTOMERNUMBER, CHECKNUMBER, PAYMENTDATE, AMOUNT]",nan,FALSE,0.000705711,1.4297627785708755e-05,0.00071864,0,1,0,1,FALSE,99
entity_143,attribute,entity_142,OC-MYSQL,CUSTOMERNUMBER,PAYMENTS,NUMBER,PRIMARY KEY,CUSTOMERNUMBER PAYMENTS NUMBER PRIMARY KEY,nan,FALSE,0.000361869,2.4576524083386175e-05,0.000309905,0,1,0,1,FALSE,99
entity_144,attribute,entity_142,OC-MYSQL,CHECKNUMBER,PAYMENTS,VARCHAR2,PRIMARY KEY,CHECKNUMBER PAYMENTS VARCHAR2 PRIMARY KEY,nan,FALSE,0.000570981,2.602236918392009e-06,0.000641085,0,1,0,1,FALSE,99
entity_145,attribute,entity_142,OC-MYSQL,PAYMENTDATE,PAYMENTS,DATE,,PAYMENTDATE PAYMENTS DATE,nan,FALSE,0.000772586,8.822870768199209e-06,0.001331554,0,1,0,1,FALSE,99
entity_146,attribute,entity_142,OC-MYSQL,AMOUNT,PAYMENTS,FLOAT,,AMOUNT PAYMENTS FLOAT,nan,FALSE,0.000818904,3.644217940745875e-07,0.000784943,0,1,0,1,FALSE,99
entity_147,table,entity_94,OC-MYSQL,PRODUCTLINES,,,,"PRODUCTLINES [PRODUCTLINE, TEXTDESCRIPTION, HTMLDESCRIPTION, IMAGE]",nan,TRUE,0.000776742,1.038517211782164e-06,0.000543773,0,1,0,1,FALSE,99
entity_148,attribute,entity_147,OC-MYSQL,PRODUCTLINE,PRODUCTLINES,VARCHAR2,PRIMARY KEY,PRODUCTLINE PRODUCTLINES VARCHAR2 PRIMARY KEY,nan,TRUE,0.000301245,1.745163172017783e-05,0.000234218,0,1,0,1,FALSE,99
entity_149,attribute,entity_147,OC-MYSQL,TEXTDESCRIPTION,PRODUCTLINES,VARCHAR2,,TEXTDESCRIPTION PRODUCTLINES VARCHAR2,nan,TRUE,0.000558084,5.952741048531607e-06,0.000231383,0,1,0,1,FALSE,99
entity_150,attribute,entity_147,OC-MYSQL,HTMLDESCRIPTION,PRODUCTLINES,VARCHAR2,,HTMLDESCRIPTION PRODUCTLINES VARCHAR2,nan,FALSE,0.00064224,2.3616985345142893e-06,0.000379577,0,1,0,1,FALSE,99
entity_151,attribute,entity_147,OC-MYSQL,IMAGE,PRODUCTLINES,BLOB,,IMAGE PRODUCTLINES BLOB,nan,TRUE,0.000493007,1.0587226739744438e-07,0.000956673,0,1,0,1,FALSE,99
entity_152,table,entity_94,OC-MYSQL,PRODUCTS,,,,"PRODUCTS [PRODUCTCODE, PRODUCTNAME, PRODUCTLINE, PRODUCTSCALE, PRODUCTVENDOR, PRODUCTDESCRIPTION, QUANTITYINSTOCK, BUYPRICE, MSRP]",nan,TRUE,0.000315671,1.1596530384849757e-05,0.000190365,0,1,0,1,FALSE,99
entity_153,attribute,entity_152,OC-MYSQL,PRODUCTCODE,PRODUCTS,VARCHAR2,PRIMARY KEY,PRODUCTCODE PRODUCTS VARCHAR2 PRIMARY KEY,nan,TRUE,0.000203974,2.2928439648239873e-05,0.000179252,0,1,0,1,FALSE,99
entity_154,attribute,entity_152,OC-MYSQL,PRODUCTNAME,PRODUCTS,VARCHAR2,,PRODUCTNAME PRODUCTS VARCHAR2,nan,TRUE,8.435989002464339e-05,9.1667743618018e-06,4.126468047616072e-05,0,1,0,1,FALSE,99
entity_155,attribute,entity_152,OC-MYSQL,PRODUCTLINE,PRODUCTS,VARCHAR2,FOREIGN KEY,PRODUCTLINE PRODUCTS VARCHAR2 FOREIGN KEY,nan,TRUE,0.000224232,1.257843086932553e-05,0.000205627,0,1,0,1,FALSE,99
entity_156,attribute,entity_152,OC-MYSQL,PRODUCTSCALE,PRODUCTS,VARCHAR2,,PRODUCTSCALE PRODUCTS VARCHAR2,nan,FALSE,0.000463939,1.0023042023021844e-06,0.00037408,0,1,0,1,FALSE,99
entity_157,attribute,entity_152,OC-MYSQL,PRODUCTVENDOR,PRODUCTS,VARCHAR2,,PRODUCTVENDOR PRODUCTS VARCHAR2,nan,FALSE,0.000258605,6.8429640123213176e-06,0.000223496,0,1,0,1,FALSE,99
entity_158,attribute,entity_152,OC-MYSQL,PRODUCTDESCRIPTION,PRODUCTS,VARCHAR2,,PRODUCTDESCRIPTION PRODUCTS VARCHAR2,nan,TRUE,0.00031507,7.690228812862188e-06,4.0225000702776015e-05,0,1,0,1,FALSE,99
entity_159,attribute,entity_152,OC-MYSQL,QUANTITYINSTOCK,PRODUCTS,NUMBER,,QUANTITYINSTOCK PRODUCTS NUMBER,nan,TRUE,0.000348147,1.6219087228819262e-06,0.000369383,0,1,0,1,FALSE,99
entity_160,attribute,entity_152,OC-MYSQL,BUYPRICE,PRODUCTS,FLOAT,,BUYPRICE PRODUCTS FLOAT,nan,TRUE,0.000554376,4.038520557969605e-07,0.000542146,0,1,0,1,FALSE,99
entity_161,attribute,entity_152,OC-MYSQL,MSRP,PRODUCTS,FLOAT,,MSRP PRODUCTS FLOAT,nan,FALSE,0.000668636,3.488219988412311e-07,0.000622357,0,1,0,1,FALSE,99
entity_163,table,entity_162,OC-SAP,CUSTOMER,,,,"CUSTOMER [CUSTOMERID, CITYID, COUNTRYID, REGIONID, CUSTOMER, CITYNAME, COUNTRYNAME, REGIONNAME]",nan,TRUE,0.000411767,0.000230243,1.0393458751423168e-06,0,0,1,1,FALSE,99
entity_164,attribute,entity_163,OC-SAP,CUSTOMERID,CUSTOMER,NUMBER,PRIMARY KEY,CUSTOMERID CUSTOMER NUMBER PRIMARY KEY,nan,TRUE,0.000123897,0.000100197,1.6470899936393835e-05,0,0,1,1,FALSE,99
entity_165,attribute,entity_163,OC-SAP,CITYID,CUSTOMER,NUMBER,FOREIGN KEY,CITYID CUSTOMER NUMBER FOREIGN KEY,nan,FALSE,0.000406663,0.000179368,6.681666491203941e-06,0,0,1,1,FALSE,99
entity_166,attribute,entity_163,OC-SAP,COUNTRYID,CUSTOMER,NUMBER,FOREIGN KEY,COUNTRYID CUSTOMER NUMBER FOREIGN KEY,nan,FALSE,0.000414429,0.000151157,6.6150855673186015e-06,0,0,1,1,FALSE,99
entity_167,attribute,entity_163,OC-SAP,REGIONID,CUSTOMER,NUMBER,FOREIGN KEY,REGIONID CUSTOMER NUMBER FOREIGN KEY,nan,FALSE,0.000483281,0.000317936,1.1484105925774202e-05,0,0,1,1,FALSE,99
entity_168,attribute,entity_163,OC-SAP,CUSTOMER,CUSTOMER,VARCHAR2,,CUSTOMER CUSTOMER VARCHAR2,nan,TRUE,0.000208835,0.000129188,8.609608812548686e-06,0,0,1,1,FALSE,99
entity_169,attribute,entity_163,OC-SAP,CITYNAME,CUSTOMER,VARCHAR2,,CITYNAME CUSTOMER VARCHAR2,nan,TRUE,0.000441313,0.000126105,7.0629162109980825e-06,0,0,1,1,FALSE,99
entity_170,attribute,entity_163,OC-SAP,COUNTRYNAME,CUSTOMER,VARCHAR2,,COUNTRYNAME CUSTOMER VARCHAR2,nan,TRUE,0.000448526,7.512015145039186e-05,7.777677637932356e-06,0,0,1,1,FALSE,99
entity_171,attribute,entity_163,OC-SAP,REGIONNAME,CUSTOMER,VARCHAR2,,REGIONNAME CUSTOMER VARCHAR2,nan,FALSE,0.000488883,0.000259341,1.2499454896897078e-05,0,0,1,1,FALSE,99
entity_172,table,entity_162,OC-SAP,PRODUCT,,,,"PRODUCT [PRODUCTID, CATEGORYID, LINEID, PRODUCTNAME, PRODUCTDESCRIPTION, CATEGORYNAME, CATEGORYDESCRIPTION, LINENAME, LINEDESCRIPTION, DISCONTINUED, CAPACITY, SCREENSIZE]",nan,TRUE,0.0003766,0.000203681,7.5669441912396e-07,0,0,1,1,FALSE,99
entity_173,attribute,entity_172,OC-SAP,PRODUCTID,PRODUCT,NUMBER,PRIMARY KEY,PRODUCTID PRODUCT NUMBER PRIMARY KEY,nan,TRUE,0.00012885,0.000155357,9.091279935091734e-06,0,0,1,1,FALSE,99
entity_174,attribute,entity_172,OC-SAP,CATEGORYID,PRODUCT,NUMBER,FOREIGN KEY,CATEGORYID PRODUCT NUMBER FOREIGN KEY,nan,FALSE,0.000388018,0.000367004,1.1644126061582938e-05,0,0,1,1,FALSE,99
entity_175,attribute,entity_172,OC-SAP,LINEID,PRODUCT,NUMBER,FOREIGN KEY,LINEID PRODUCT NUMBER FOREIGN KEY,nan,TRUE,0.000218812,0.000236866,2.0303407382016303e-06,0,0,1,1,FALSE,99
entity_176,attribute,entity_172,OC-SAP,PRODUCTNAME,PRODUCT,VARCHAR2,,PRODUCTNAME PRODUCT VARCHAR2,nan,TRUE,0.00011316,4.620926847564988e-05,6.526721790578449e-06,0,0,1,1,FALSE,99
entity_177,attribute,entity_172,OC-SAP,PRODUCTDESCRIPTION,PRODUCT,VARCHAR2,,PRODUCTDESCRIPTION PRODUCT VARCHAR2,nan,TRUE,0.00034705,4.905181776848622e-05,6.08251366429613e-06,0,0,1,1,FALSE,99
entity_178,attribute,entity_172,OC-SAP,CATEGORYNAME,PRODUCT,VARCHAR2,,CATEGORYNAME PRODUCT VARCHAR2,nan,FALSE,0.000361518,0.000314763,6.706301064696163e-06,0,0,1,1,FALSE,99
entity_179,attribute,entity_172,OC-SAP,CATEGORYDESCRIPTION,PRODUCT,VARCHAR2,,CATEGORYDESCRIPTION PRODUCT VARCHAR2,nan,FALSE,0.000532702,0.000283975,1.073185103450669e-05,0,0,1,1,FALSE,99
entity_180,attribute,entity_172,OC-SAP,LINENAME,PRODUCT,VARCHAR2,,LINENAME PRODUCT VARCHAR2,nan,TRUE,0.000344606,0.000255137,3.530245749061578e-07,0,0,1,1,FALSE,99
entity_181,attribute,entity_172,OC-SAP,LINEDESCRIPTION,PRODUCT,VARCHAR2,,LINEDESCRIPTION PRODUCT VARCHAR2,nan,TRUE,0.000517922,0.000256845,1.0836942010428174e-06,0,0,1,1,FALSE,99
entity_182,attribute,entity_172,OC-SAP,DISCONTINUED,PRODUCT,NUMBER,,DISCONTINUED PRODUCT NUMBER,nan,FALSE,0.000824538,0.000632604,9.388539723431677e-08,0,0,1,1,FALSE,99
entity_183,attribute,entity_172,OC-SAP,CAPACITY,PRODUCT,VARCHAR2,,CAPACITY PRODUCT VARCHAR2,nan,TRUE,0.000481566,0.000400592,1.6551521184737794e-06,0,0,1,1,FALSE,99
entity_184,attribute,entity_172,OC-SAP,SCREENSIZE,PRODUCT,VARCHAR2,,SCREENSIZE PRODUCT VARCHAR2,nan,FALSE,0.000719528,0.000502605,6.491601567404359e-08,0,0,1,1,FALSE,99
entity_185,table,entity_162,OC-SAP,CUSTOMER_ORDER,,,,"CUSTOMER_ORDER [ORDERID, PRODUCTID, CUSTOMERID, EMPLOYEEID, PROMOTIONID, TERRITORYID, ORDERPERIODID, REQUIREDPERIODID, SHIPPEDPERIODID, SHIPPERID, UNITPRICE, QUANTITY, DISCOUNT, UNITSALES, NETSALES, UNITCOST, FREIGHT, COST, QUANTITYORDERED, DELIVEREDPERIODID]",nan,TRUE,0.000256703,0.000224686,1.9762710508075543e-06,0,0,1,1,FALSE,99
entity_186,attribute,entity_185,OC-SAP,ORDERID,CUSTOMER_ORDER,NUMBER,PRIMARY KEY,ORDERID CUSTOMER_ORDER NUMBER PRIMARY KEY,nan,TRUE,0.000105635,0.000136551,1.0153934454137925e-05,0,0,1,1,FALSE,99
entity_187,attribute,entity_185,OC-SAP,PRODUCTID,CUSTOMER_ORDER,NUMBER,FOREIGN KEY,PRODUCTID CUSTOMER_ORDER NUMBER FOREIGN KEY,nan,FALSE,9.636980394134298e-05,0.000158713,8.461999641440343e-06,0,0,1,1,FALSE,99
entity_188,attribute,entity_185,OC-SAP,CUSTOMERID,CUSTOMER_ORDER,NUMBER,FOREIGN KEY,CUSTOMERID CUSTOMER_ORDER NUMBER FOREIGN KEY,nan,TRUE,7.299046410480514e-05,0.000118557,1.7259108062717132e-05,0,0,1,1,FALSE,99
entity_189,attribute,entity_185,OC-SAP,EMPLOYEEID,CUSTOMER_ORDER,NUMBER,FOREIGN KEY,EMPLOYEEID CUSTOMER_ORDER NUMBER FOREIGN KEY,nan,FALSE,0.000295877,0.000140979,1.5754083904084837e-07,0,0,1,1,FALSE,99
entity_190,attribute,entity_185,OC-SAP,PROMOTIONID,CUSTOMER_ORDER,NUMBER,FOREIGN KEY,PROMOTIONID CUSTOMER_ORDER NUMBER FOREIGN KEY,nan,FALSE,0.000430018,0.00037448,3.5210339888180897e-07,0,0,1,1,FALSE,99
entity_191,attribute,entity_185,OC-SAP,TERRITORYID,CUSTOMER_ORDER,FLOAT,FOREIGN KEY,TERRITORYID CUSTOMER_ORDER FLOAT FOREIGN KEY,nan,FALSE,0.000371023,0.000221867,1.338580517540322e-07,0,0,1,1,FALSE,99
entity_192,attribute,entity_185,OC-SAP,ORDERPERIODID,CUSTOMER_ORDER,NUMBER,FOREIGN KEY,ORDERPERIODID CUSTOMER_ORDER NUMBER FOREIGN KEY,nan,FALSE,0.000127178,0.000173347,2.7774405680247582e-05,0,0,1,1,FALSE,99
entity_193,attribute,entity_185,OC-SAP,REQUIREDPERIODID,CUSTOMER_ORDER,NUMBER,FOREIGN KEY,REQUIREDPERIODID CUSTOMER_ORDER NUMBER FOREIGN KEY,nan,FALSE,0.000350885,0.00024382,1.3371892464419943e-06,0,0,1,1,FALSE,99
entity_194,attribute,entity_185,OC-SAP,SHIPPEDPERIODID,CUSTOMER_ORDER,NUMBER,FOREIGN KEY,SHIPPEDPERIODID CUSTOMER_ORDER NUMBER FOREIGN KEY,nan,FALSE,0.000199203,0.000239941,2.1820304027642123e-05,0,0,1,1,FALSE,99
entity_195,attribute,entity_185,OC-SAP,SHIPPERID,CUSTOMER_ORDER,FLOAT,FOREIGN KEY,SHIPPERID CUSTOMER_ORDER FLOAT FOREIGN KEY,nan,FALSE,0.000197451,0.000318958,3.871978151437361e-06,0,0,1,1,FALSE,99
entity_196,attribute,entity_185,OC-SAP,UNITPRICE,CUSTOMER_ORDER,NUMBER,,UNITPRICE CUSTOMER_ORDER NUMBER,nan,FALSE,0.000281342,0.000408931,6.666130957455607e-06,0,0,1,1,FALSE,99
entity_197,attribute,entity_185,OC-SAP,QUANTITY,CUSTOMER_ORDER,NUMBER,,QUANTITY CUSTOMER_ORDER NUMBER,nan,FALSE,0.000127228,0.000216202,2.7627553208731115e-05,0,0,1,1,FALSE,99
entity_198,attribute,entity_185,OC-SAP,DISCOUNT,CUSTOMER_ORDER,NUMBER,,DISCOUNT CUSTOMER_ORDER NUMBER,nan,FALSE,0.000550464,0.000500272,3.918173661077162e-07,0,0,1,1,FALSE,99
entity_199,attribute,entity_185,OC-SAP,UNITSALES,CUSTOMER_ORDER,NUMBER,,UNITSALES CUSTOMER_ORDER NUMBER,nan,FALSE,0.000288532,0.000361226,2.9488339805539e-06,0,0,1,1,FALSE,99
entity_200,attribute,entity_185,OC-SAP,NETSALES,CUSTOMER_ORDER,FLOAT,,NETSALES CUSTOMER_ORDER FLOAT,nan,FALSE,0.000403223,0.000357589,2.254461577422262e-07,0,0,1,1,FALSE,99
entity_201,attribute,entity_185,OC-SAP,UNITCOST,CUSTOMER_ORDER,NUMBER,,UNITCOST CUSTOMER_ORDER NUMBER,nan,TRUE,0.000348354,0.000430804,5.131141733727418e-06,0,0,1,1,FALSE,99
entity_202,attribute,entity_185,OC-SAP,FREIGHT,CUSTOMER_ORDER,FLOAT,,FREIGHT CUSTOMER_ORDER FLOAT,nan,FALSE,0.000443157,0.000411975,2.2669978250178247e-07,0,0,1,1,FALSE,99
entity_203,attribute,entity_185,OC-SAP,COST,CUSTOMER_ORDER,NUMBER,,COST CUSTOMER_ORDER NUMBER,nan,FALSE,0.000521536,0.000470091,8.943014222495549e-07,0,0,1,1,FALSE,99
entity_204,attribute,entity_185,OC-SAP,QUANTITYORDERED,CUSTOMER_ORDER,NUMBER,,QUANTITYORDERED CUSTOMER_ORDER NUMBER,nan,TRUE,0.000220558,0.000206488,2.0537388991215266e-05,0,0,1,1,FALSE,99
entity_205,attribute,entity_185,OC-SAP,DELIVEREDPERIODID,CUSTOMER_ORDER,NUMBER,FOREIGN KEY,DELIVEREDPERIODID CUSTOMER_ORDER NUMBER FOREIGN KEY,nan,FALSE,0.000205083,0.000263724,1.8737669961410575e-05,0,0,1,1,FALSE,99
entity_44,table,entity_43,OC-ORACLE,CUSTOMERS,,,,"CUSTOMERS [CUSTOMER_ID, EMAIL_ADDRESS, FULL_NAME]",nan,TRUE,9.865258107311092e-06,0.000387729,0.000433691,1,0,0,1,FALSE,98
entity_45,attribute,entity_44,OC-ORACLE,CUSTOMER_ID,CUSTOMERS,NUMBER,PRIMARY KEY,CUSTOMER_ID CUSTOMERS NUMBER PRIMARY KEY,nan,TRUE,2.1361518520279787e-05,0.000174924,0.000147849,1,0,0,1,FALSE,98
entity_46,attribute,entity_44,OC-ORACLE,EMAIL_ADDRESS,CUSTOMERS,VARCHAR2,,EMAIL_ADDRESS CUSTOMERS VARCHAR2,nan,TRUE,2.9376199108810397e-06,0.000215579,0.000462722,1,0,0,1,FALSE,98
entity_47,attribute,entity_44,OC-ORACLE,FULL_NAME,CUSTOMERS,VARCHAR2,,FULL_NAME CUSTOMERS VARCHAR2,nan,TRUE,4.2403044062666595e-06,0.000268864,0.000392908,1,0,0,1,FALSE,98
entity_48,table,entity_43,OC-ORACLE,INVENTORY,,,,"INVENTORY [INVENTORY_ID, STORE_ID, PRODUCT_ID, PRODUCT_INVENTORY]",nan,TRUE,3.1180250516626984e-05,0.000535531,0.000586278,1,0,0,1,FALSE,98
entity_49,attribute,entity_48,OC-ORACLE,INVENTORY_ID,INVENTORY,NUMBER,PRIMARY KEY,INVENTORY_ID INVENTORY NUMBER PRIMARY KEY,nan,FALSE,1.0892162208619993e-05,0.000384201,0.00043812,1,0,0,1,FALSE,98
entity_50,attribute,entity_48,OC-ORACLE,STORE_ID,INVENTORY,NUMBER,FOREIGN KEY,STORE_ID INVENTORY NUMBER FOREIGN KEY,nan,FALSE,1.3269909686641768e-05,0.000544222,0.000524209,1,0,0,1,FALSE,98
entity_51,attribute,entity_48,OC-ORACLE,PRODUCT_ID,INVENTORY,NUMBER,FOREIGN KEY,PRODUCT_ID INVENTORY NUMBER FOREIGN KEY,nan,TRUE,1.6822263205540366e-05,0.000304491,0.0002951,1,0,0,1,FALSE,98
entity_52,attribute,entity_48,OC-ORACLE,PRODUCT_INVENTORY,INVENTORY,NUMBER,,PRODUCT_INVENTORY INVENTORY NUMBER,nan,TRUE,1.6401960237999447e-05,0.000368741,0.000397683,1,0,0,1,FALSE,98
entity_53,table,entity_43,OC-ORACLE,ORDER_ITEMS,,,,"ORDER_ITEMS [ORDER_ID, LINE_ITEM_ID, PRODUCT_ID, UNIT_PRICE, QUANTITY, SHIPMENT_ID]",nan,TRUE,3.000389551743865e-05,0.000369267,0.000339902,1,0,0,1,FALSE,98
entity_54,attribute,entity_53,OC-ORACLE,ORDER_ID,ORDER_ITEMS,NUMBER,PRIMARY KEY,ORDER_ID ORDER_ITEMS NUMBER PRIMARY KEY,nan,TRUE,2.1093583200126886e-05,0.000269087,0.000290004,1,0,0,1,FALSE,98
entity_55,attribute,entity_53,OC-ORACLE,LINE_ITEM_ID,ORDER_ITEMS,NUMBER,PRIMARY KEY,LINE_ITEM_ID ORDER_ITEMS NUMBER PRIMARY KEY,nan,TRUE,1.7462678442825563e-05,0.000346708,0.000321594,1,0,0,1,FALSE,98
entity_56,attribute,entity_53,OC-ORACLE,PRODUCT_ID,ORDER_ITEMS,NUMBER,FOREIGN KEY,PRODUCT_ID ORDER_ITEMS NUMBER FOREIGN KEY,nan,TRUE,1.8483051462681033e-05,0.000270998,0.00019699,1,0,0,1,FALSE,98
entity_57,attribute,entity_53,OC-ORACLE,UNIT_PRICE,ORDER_ITEMS,FLOAT,,UNIT_PRICE ORDER_ITEMS FLOAT,nan,TRUE,2.4322302124346606e-05,0.000402648,0.000440395,1,0,0,1,FALSE,98
entity_58,attribute,entity_53,OC-ORACLE,QUANTITY,ORDER_ITEMS,NUMBER,,QUANTITY ORDER_ITEMS NUMBER,nan,TRUE,9.589543878973927e-06,0.000305139,0.000304691,1,0,0,1,FALSE,98
entity_59,attribute,entity_53,OC-ORACLE,SHIPMENT_ID,ORDER_ITEMS,FLOAT,FOREIGN KEY,SHIPMENT_ID ORDER_ITEMS FLOAT FOREIGN KEY,nan,FALSE,1.5066646483319346e-05,0.000437843,0.000342631,1,0,0,1,FALSE,98
entity_60,table,entity_43,OC-ORACLE,ORDERS,,,,"ORDERS [ORDER_ID, ORDER_DATETIME, CUSTOMER_ID, ORDER_STATUS, STORE_ID]",nan,TRUE,5.101551141706295e-05,0.00028188,0.000403451,1,0,0,1,FALSE,98
entity_61,attribute,entity_60,OC-ORACLE,ORDER_ID,ORDERS,NUMBER,PRIMARY KEY,ORDER_ID ORDERS NUMBER PRIMARY KEY,nan,TRUE,1.8788347006193362e-05,0.00014047,0.000200976,1,0,0,1,FALSE,98
entity_62,attribute,entity_60,OC-ORACLE,ORDER_DATETIME,ORDERS,DATE,,ORDER_DATETIME ORDERS DATE,nan,TRUE,6.780217518098652e-06,0.000318651,0.000875159,1,0,0,1,FALSE,98
entity_63,attribute,entity_60,OC-ORACLE,CUSTOMER_ID,ORDERS,NUMBER,FOREIGN KEY,CUSTOMER_ID ORDERS NUMBER FOREIGN KEY,nan,TRUE,1.877621434687171e-05,0.000130132,7.397925219265744e-05,1,0,0,1,FALSE,98
entity_64,attribute,entity_60,OC-ORACLE,ORDER_STATUS,ORDERS,VARCHAR2,,ORDER_STATUS ORDERS VARCHAR2,nan,TRUE,1.5937965144985355e-05,0.00013147,0.000512624,1,0,0,1,FALSE,98
entity_65,attribute,entity_60,OC-ORACLE,STORE_ID,ORDERS,NUMBER,FOREIGN KEY,STORE_ID ORDERS NUMBER FOREIGN KEY,nan,FALSE,2.2925682060304098e-05,0.000387201,0.000397614,1,0,0,1,FALSE,98
entity_66,table,entity_43,OC-ORACLE,PRODUCTS,,,,"PRODUCTS [PRODUCT_ID, PRODUCT_NAME, UNIT_PRICE, PRODUCT_DETAILS, PRODUCT_IMAGE, IMAGE_MIME_TYPE, IMAGE_FILENAME, IMAGE_CHARSET, IMAGE_LAST_UPDATED]",nan,TRUE,1.9795281332335435e-05,0.000355352,0.000484603,1,0,0,1,FALSE,98
entity_67,attribute,entity_66,OC-ORACLE,PRODUCT_ID,PRODUCTS,NUMBER,PRIMARY KEY,PRODUCT_ID PRODUCTS NUMBER PRIMARY KEY,nan,TRUE,2.0573948859237134e-05,0.000195654,0.00012966,1,0,0,1,FALSE,98
entity_68,attribute,entity_66,OC-ORACLE,PRODUCT_NAME,PRODUCTS,VARCHAR2,,PRODUCT_NAME PRODUCTS VARCHAR2,nan,TRUE,1.771634015312884e-05,8.661318133817986e-05,0.000107907,1,0,0,1,FALSE,98
entity_69,attribute,entity_66,OC-ORACLE,UNIT_PRICE,PRODUCTS,FLOAT,,UNIT_PRICE PRODUCTS FLOAT,nan,TRUE,1.875398629636038e-05,0.000437645,0.000443217,1,0,0,1,FALSE,98
entity_70,attribute,entity_66,OC-ORACLE,PRODUCT_DETAILS,PRODUCTS,BLOB,,PRODUCT_DETAILS PRODUCTS BLOB,nan,TRUE,4.6028617362026125e-06,0.000573217,0.00081038,1,0,0,1,FALSE,98
entity_71,attribute,entity_66,OC-ORACLE,PRODUCT_IMAGE,PRODUCTS,BLOB,,PRODUCT_IMAGE PRODUCTS BLOB,nan,TRUE,5.239638267084956e-05,0.000410647,0.0010153,0,0,0,0,FALSE,98
entity_72,attribute,entity_66,OC-ORACLE,IMAGE_MIME_TYPE,PRODUCTS,BLOB,,IMAGE_MIME_TYPE PRODUCTS BLOB,nan,FALSE,1.4077651030675042e-05,0.00060849,0.001229791,1,0,0,1,FALSE,98
entity_73,attribute,entity_66,OC-ORACLE,IMAGE_FILENAME,PRODUCTS,BLOB,,IMAGE_FILENAME PRODUCTS BLOB,nan,FALSE,1.891834835987538e-05,0.000496187,0.000951898,1,0,0,1,FALSE,98
entity_74,attribute,entity_66,OC-ORACLE,IMAGE_CHARSET,PRODUCTS,BLOB,,IMAGE_CHARSET PRODUCTS BLOB,nan,FALSE,1.606118712516036e-05,0.00063439,0.001237729,1,0,0,1,FALSE,98
entity_75,attribute,entity_66,OC-ORACLE,IMAGE_LAST_UPDATED,PRODUCTS,DATE,,IMAGE_LAST_UPDATED PRODUCTS DATE,nan,FALSE,1.5631678252248093e-05,0.000647914,0.001199772,1,0,0,1,FALSE,98
entity_76,table,entity_43,OC-ORACLE,SHIPMENTS,,,,"SHIPMENTS [SHIPMENT_ID, STORE_ID, CUSTOMER_ID, DELIVERY_ADDRESS, SHIPMENT_STATUS]",nan,TRUE,3.357779860380106e-05,0.000518481,0.000458742,1,0,0,1,FALSE,98
entity_77,attribute,entity_76,OC-ORACLE,SHIPMENT_ID,SHIPMENTS,NUMBER,PRIMARY KEY,SHIPMENT_ID SHIPMENTS NUMBER PRIMARY KEY,nan,FALSE,1.5653664377168752e-05,0.000436595,0.000377039,1,0,0,1,FALSE,98
entity_78,attribute,entity_76,OC-ORACLE,STORE_ID,SHIPMENTS,NUMBER,FOREIGN KEY,STORE_ID SHIPMENTS NUMBER FOREIGN KEY,nan,FALSE,1.831166082411073e-05,0.000508757,0.000407523,1,0,0,1,FALSE,98
entity_79,attribute,entity_76,OC-ORACLE,CUSTOMER_ID,SHIPMENTS,NUMBER,FOREIGN KEY,CUSTOMER_ID SHIPMENTS NUMBER FOREIGN KEY,nan,TRUE,1.526057894807309e-05,0.000278112,0.000177536,1,0,0,1,FALSE,98
entity_80,attribute,entity_76,OC-ORACLE,DELIVERY_ADDRESS,SHIPMENTS,VARCHAR2,,DELIVERY_ADDRESS SHIPMENTS VARCHAR2,nan,TRUE,8.417864592047408e-06,0.000340864,0.00042976,1,0,0,1,FALSE,98
entity_81,attribute,entity_76,OC-ORACLE,SHIPMENT_STATUS,SHIPMENTS,VARCHAR2,,SHIPMENT_STATUS SHIPMENTS VARCHAR2,nan,FALSE,2.1515121261472814e-05,0.000387033,0.000589653,1,0,0,1,FALSE,98
entity_82,table,entity_43,OC-ORACLE,STORES,,,,"STORES [STORE_ID, STORE_NAME, WEB_ADDRESS, PHYSICAL_ADDRESS, LATITUDE, LONGITUDE, LOGO, LOGO_MIME_TYPE, LOGO_FILENAME, LOGO_CHARSET, LOGO_LAST_UPDATED]",nan,FALSE,1.4618872228311375e-05,0.000664655,0.000758892,1,0,0,1,FALSE,98
entity_83,attribute,entity_82,OC-ORACLE,STORE_ID,STORES,NUMBER,PRIMARY KEY,STORE_ID STORES NUMBER PRIMARY KEY,nan,FALSE,3.230281799915247e-05,0.000618882,0.000599329,1,0,0,1,FALSE,98
entity_84,attribute,entity_82,OC-ORACLE,STORE_NAME,STORES,VARCHAR2,,STORE_NAME STORES VARCHAR2,nan,FALSE,2.8941953132743947e-05,0.000591805,0.000634848,1,0,0,1,FALSE,98
entity_85,attribute,entity_82,OC-ORACLE,WEB_ADDRESS,STORES,VARCHAR2,,WEB_ADDRESS STORES VARCHAR2,nan,FALSE,2.2093088318797527e-06,0.000553249,0.000764892,1,0,0,1,FALSE,98
entity_86,attribute,entity_82,OC-ORACLE,PHYSICAL_ADDRESS,STORES,VARCHAR2,,PHYSICAL_ADDRESS STORES VARCHAR2,nan,FALSE,1.6209672821787535e-06,0.000611896,0.000682806,1,0,0,1,FALSE,98
entity_87,attribute,entity_82,OC-ORACLE,LATITUDE,STORES,FLOAT,,LATITUDE STORES FLOAT,nan,FALSE,7.429662218783051e-06,0.000796061,0.000917774,1,0,0,1,FALSE,98
entity_88,attribute,entity_82,OC-ORACLE,LONGITUDE,STORES,FLOAT,,LONGITUDE STORES FLOAT,nan,FALSE,1.0788568033603951e-05,0.000856072,0.000927095,1,0,0,1,FALSE,98
entity_89,attribute,entity_82,OC-ORACLE,LOGO,STORES,BLOB,,LOGO STORES BLOB,nan,FALSE,2.907865564338863e-06,0.000805035,0.001479406,1,0,0,1,FALSE,98
entity_90,attribute,entity_82,OC-ORACLE,LOGO_MIME_TYPE,STORES,VARCHAR2,,LOGO_MIME_TYPE STORES VARCHAR2,nan,FALSE,1.2623761904251296e-05,0.00087007,0.001107698,1,0,0,1,FALSE,98
entity_91,attribute,entity_82,OC-ORACLE,LOGO_FILENAME,STORES,VARCHAR2,,LOGO_FILENAME STORES VARCHAR2,nan,FALSE,1.473732390877558e-05,0.000818638,0.000907552,1,0,0,1,FALSE,98
entity_92,attribute,entity_82,OC-ORACLE,LOGO_CHARSET,STORES,VARCHAR2,,LOGO_CHARSET STORES VARCHAR2,nan,FALSE,2.2285013983491808e-05,0.000926531,0.001027424,1,0,0,1,FALSE,98
entity_93,attribute,entity_82,OC-ORACLE,LOGO_LAST_UPDATED,STORES,DATE,,LOGO_LAST_UPDATED STORES DATE,nan,FALSE,2.0072664483450353e-05,0.000771284,0.001239237,1,0,0,1,FALSE,98
entity_95,table,entity_94,OC-MYSQL,CUSTOMERS,,,,"CUSTOMERS [CUSTOMERNUMBER, CUSTOMERNAME, CONTACTLASTNAME, CONTACTFIRSTNAME, PHONE, ADDRESSLINE1, ADDRESSLINE2, CITY, STATE, POSTALCODE, COUNTRY, SALESREPEMPLOYEENUMBER, CREDITLIMIT]",nan,TRUE,0.000421618,3.100969843217172e-05,0.000301793,0,1,0,1,FALSE,98
entity_96,attribute,entity_95,OC-MYSQL,CUSTOMERNUMBER,CUSTOMERS,NUMBER,PRIMARY KEY,CUSTOMERNUMBER CUSTOMERS NUMBER PRIMARY KEY,nan,TRUE,0.000130375,2.476186455169227e-05,0.000115726,0,1,0,1,FALSE,98
